# unix_time, cycles_done, cur_path, paths_total, pending_total, pending_favs, map_size, unique_crashes, unique_hangs, max_depth, execs_per_sec
1496127088, 0, 0, 1, 1, 1, 0.01%, 0, 0, 1, 888.89
1496127093, 0, 7, 10, 3, 1, 0.05%, 0, 0, 3, 2398.15
1496127099, 2, 10, 12, 2, 1, 0.05%, 0, 0, 5, 3058.57
1496127104, 4, 3, 12, 0, 0, 0.05%, 0, 0, 5, 3351.63
1496127109, 6, 10, 12, 0, 0, 0.05%, 0, 0, 5, 3328.70
1496127114, 8, 11, 12, 0, 0, 0.05%, 0, 0, 5, 2857.24
1496127119, 10, 11, 12, 0, 0, 0.05%, 0, 0, 5, 2699.03
1496127124, 13, 8, 12, 0, 0, 0.05%, 0, 0, 5, 3123.10
1496127129, 15, 10, 12, 0, 0, 0.05%, 0, 0, 5, 3029.58
1496127134, 18, 10, 12, 0, 0, 0.05%, 0, 0, 5, 3602.02
1496127140, 21, 10, 12, 0, 0, 0.05%, 0, 0, 5, 3766.91
1496127145, 24, 10, 12, 0, 0, 0.05%, 0, 0, 5, 3821.79
1496127150, 27, 9, 12, 0, 0, 0.05%, 0, 0, 5, 3818.27
1496127155, 30, 9, 12, 0, 0, 0.05%, 0, 0, 5, 3843.61
1496127160, 33, 7, 12, 0, 0, 0.05%, 0, 0, 5, 3672.29
1496127165, 36, 8, 12, 0, 0, 0.05%, 0, 0, 5, 3787.54
1496127170, 39, 5, 12, 0, 0, 0.05%, 0, 0, 5, 3844.25
1496127176, 42, 3, 12, 0, 0, 0.05%, 0, 0, 5, 3642.17
1496127181, 45, 3, 12, 0, 0, 0.05%, 0, 0, 5, 3785.27
1496127186, 48, 3, 12, 0, 0, 0.05%, 0, 0, 5, 3815.27
1496127191, 51, 0, 12, 0, 0, 0.05%, 0, 0, 5, 3810.53
1496127196, 54, 0, 12, 0, 0, 0.05%, 0, 0, 5, 3826.63
1496127201, 56, 11, 12, 0, 0, 0.05%, 0, 0, 5, 3739.26
1496127206, 59, 11, 12, 0, 0, 0.05%, 0, 0, 5, 3793.66
1496127212, 63, 1, 12, 0, 0, 0.05%, 0, 0, 5, 3849.25
1496127217, 66, 0, 12, 0, 0, 0.05%, 0, 0, 5, 3790.19
1496127222, 68, 11, 12, 0, 0, 0.05%, 0, 0, 5, 3712.69
1496127227, 71, 10, 12, 0, 0, 0.05%, 0, 0, 5, 3788.01
1496127232, 74, 10, 12, 0, 0, 0.05%, 0, 0, 5, 3832.59
1496127237, 77, 8, 12, 0, 0, 0.05%, 0, 0, 5, 3704.31
1496127243, 80, 7, 12, 0, 0, 0.05%, 0, 0, 5, 3823.59
1496127248, 81, 12, 15, 3, 1, 0.06%, 0, 0, 7, 3750.75
1496127253, 81, 14, 15, 1, 1, 0.06%, 0, 0, 7, 3710.37
1496127258, 82, 12, 15, 0, 0, 0.06%, 0, 0, 7, 3790.71
1496127263, 83, 12, 16, 1, 0, 0.07%, 0, 0, 7, 3842.49
1496127268, 83, 15, 16, 1, 1, 0.07%, 0, 0, 7, 3806.74
1496127273, 84, 14, 16, 0, 0, 0.07%, 0, 0, 7, 3823.70
1496127279, 85, 12, 16, 0, 0, 0.07%, 0, 0, 7, 3697.04
1496127284, 86, 3, 16, 0, 0, 0.07%, 0, 0, 7, 3686.18
1496127289, 86, 14, 16, 0, 0, 0.07%, 0, 0, 7, 3791.86
1496127294, 87, 13, 16, 0, 0, 0.07%, 0, 0, 7, 3841.00
1496127299, 88, 10, 16, 0, 0, 0.07%, 0, 0, 7, 3801.27
1496127304, 88, 15, 16, 0, 0, 0.07%, 0, 0, 7, 3827.99
1496127309, 89, 13, 16, 0, 0, 0.07%, 0, 0, 7, 3649.43
1496127315, 90, 12, 16, 0, 0, 0.07%, 0, 0, 7, 3707.58
1496127320, 90, 15, 16, 0, 0, 0.07%, 0, 0, 7, 3789.60
1496127325, 91, 14, 16, 0, 0, 0.07%, 0, 0, 7, 3793.91
1496127330, 92, 13, 16, 0, 0, 0.07%, 0, 0, 7, 3807.63
1496127335, 93, 9, 16, 0, 0, 0.07%, 0, 0, 7, 3812.19
1496127340, 93, 15, 16, 0, 0, 0.07%, 0, 0, 7, 3770.83
1496127345, 94, 13, 16, 0, 0, 0.07%, 0, 0, 7, 3829.65
1496127350, 95, 12, 16, 0, 0, 0.07%, 0, 0, 7, 3849.81
1496127355, 95, 15, 16, 0, 0, 0.07%, 0, 0, 7, 3663.70
1496127360, 96, 14, 16, 0, 0, 0.07%, 0, 0, 7, 3777.26
1496127365, 97, 13, 16, 0, 0, 0.07%, 0, 0, 7, 3844.97
1496127371, 98, 10, 16, 0, 0, 0.07%, 0, 0, 7, 3755.84
1496127376, 98, 15, 16, 0, 0, 0.07%, 0, 0, 7, 3828.58
1496127381, 99, 14, 16, 0, 0, 0.07%, 0, 0, 7, 3835.07
1496127386, 100, 12, 16, 0, 0, 0.07%, 0, 0, 7, 3844.80
1496127391, 100, 15, 16, 0, 0, 0.07%, 0, 0, 7, 3699.85
