# unix_time, cycles_done, cur_path, paths_total, pending_total, pending_favs, map_size, unique_crashes, unique_hangs, max_depth, execs_per_sec
1496126506, 0, 0, 1, 1, 1, 0.02%, 0, 0, 1, 1000.00
1496126511, 20, 2, 4, 2, 2, 0.02%, 0, 0, 2, 3083.94
1496126516, 21, 2, 4, 0, 0, 0.02%, 0, 0, 2, 3182.58
1496126521, 23, 2, 4, 0, 0, 0.02%, 0, 0, 2, 3740.51
1496126527, 27, 1, 4, 0, 0, 0.02%, 0, 0, 2, 3499.38
1496126532, 34, 1, 4, 0, 0, 0.02%, 0, 0, 2, 3804.41
1496126537, 41, 1, 4, 0, 0, 0.02%, 0, 0, 2, 3821.79
1496126542, 48, 2, 4, 0, 0, 0.02%, 0, 0, 2, 3907.14
1496126547, 55, 3, 4, 0, 0, 0.02%, 0, 0, 2, 3814.46
1496126552, 62, 3, 4, 0, 0, 0.02%, 0, 0, 2, 3865.96
1496126557, 69, 3, 4, 0, 0, 0.02%, 0, 0, 2, 3794.36
1496126562, 76, 3, 4, 0, 0, 0.02%, 0, 0, 2, 3786.35
1496126568, 84, 0, 4, 0, 0, 0.02%, 0, 0, 2, 3829.36
1496126573, 91, 1, 4, 0, 0, 0.02%, 0, 0, 2, 3859.02
1496126578, 97, 3, 4, 0, 0, 0.02%, 0, 0, 2, 3746.93
1496126583, 105, 0, 4, 0, 0, 0.02%, 0, 0, 2, 3852.84
1496126588, 111, 2, 4, 0, 0, 0.02%, 0, 0, 2, 3612.06
1496126593, 118, 3, 4, 0, 0, 0.02%, 0, 0, 2, 3821.56
1496126598, 126, 0, 4, 0, 0, 0.02%, 0, 0, 2, 3853.90
1496126603, 133, 0, 4, 0, 0, 0.02%, 0, 0, 2, 3797.68
1496126608, 140, 1, 4, 0, 0, 0.02%, 0, 0, 2, 3836.67
1496126614, 147, 1, 4, 0, 0, 0.02%, 0, 0, 2, 3889.67
1496126619, 154, 1, 4, 0, 0, 0.02%, 0, 0, 2, 3826.50
1496126624, 161, 2, 4, 0, 0, 0.02%, 0, 0, 2, 3880.07
1496126629, 168, 3, 4, 0, 0, 0.02%, 0, 0, 2, 3882.50
1496126634, 175, 3, 4, 0, 0, 0.02%, 0, 0, 2, 3672.19
1496126639, 182, 3, 4, 0, 0, 0.02%, 0, 0, 2, 3825.12
1496126644, 190, 0, 4, 0, 0, 0.02%, 0, 0, 2, 3846.90
1496126649, 196, 3, 4, 0, 0, 0.02%, 0, 0, 2, 3832.72
1496126655, 204, 0, 4, 0, 0, 0.02%, 0, 0, 2, 3845.06
1496126660, 211, 1, 4, 0, 0, 0.02%, 0, 0, 2, 3864.99
1496126665, 218, 1, 4, 0, 0, 0.02%, 0, 0, 2, 3803.25
1496126670, 225, 2, 4, 0, 0, 0.02%, 0, 0, 2, 3874.10
1496126675, 232, 2, 4, 0, 0, 0.02%, 0, 0, 2, 3814.14
1496126680, 239, 1, 4, 0, 0, 0.02%, 0, 0, 2, 3715.64
1496126685, 246, 1, 4, 0, 0, 0.02%, 0, 0, 2, 3857.66
1496126690, 253, 2, 4, 0, 0, 0.02%, 0, 0, 2, 3827.17
1496126695, 260, 1, 4, 0, 0, 0.02%, 0, 0, 2, 3612.23
1496126700, 267, 1, 4, 0, 0, 0.02%, 0, 0, 2, 3808.01
1496126706, 274, 1, 4, 0, 0, 0.02%, 0, 0, 2, 3689.74
1496126711, 281, 0, 4, 0, 0, 0.02%, 0, 0, 2, 3775.63
1496126716, 288, 1, 4, 0, 0, 0.02%, 0, 0, 2, 3840.74
1496126721, 295, 1, 4, 0, 0, 0.02%, 0, 0, 2, 3880.45
