# unix_time, cycles_done, cur_path, paths_total, pending_total, pending_favs, map_size, unique_crashes, unique_hangs, max_depth, execs_per_sec
1496127595, 0, 0, 1, 1, 1, 0.01%, 0, 0, 1, 1333.33
1496127600, 2, 6, 7, 0, 0, 0.03%, 0, 0, 3, 3316.77
1496127606, 8, 1, 7, 0, 0, 0.03%, 0, 0, 3, 3684.38
1496127611, 13, 3, 7, 0, 0, 0.03%, 0, 0, 3, 3716.43
1496127616, 18, 6, 7, 0, 0, 0.03%, 0, 0, 3, 3776.61
1496127621, 24, 0, 7, 0, 0, 0.03%, 0, 0, 3, 3780.85
1496127626, 29, 3, 7, 0, 0, 0.03%, 0, 0, 3, 3795.30
1496127631, 34, 4, 7, 0, 0, 0.03%, 0, 0, 3, 3815.91
1496127636, 39, 6, 7, 0, 0, 0.03%, 0, 0, 3, 3649.59
1496127642, 44, 5, 7, 0, 0, 0.03%, 0, 0, 3, 3467.30
1496127647, 49, 6, 7, 0, 0, 0.03%, 0, 0, 3, 3702.05
1496127652, 55, 0, 7, 0, 0, 0.03%, 0, 0, 3, 3790.56
1496127657, 60, 1, 7, 0, 0, 0.03%, 0, 0, 3, 3708.44
1496127662, 65, 4, 7, 0, 0, 0.03%, 0, 0, 3, 3813.56
1496127667, 70, 6, 7, 0, 0, 0.03%, 0, 0, 3, 3782.39
1496127673, 75, 6, 7, 0, 0, 0.03%, 0, 0, 3, 3557.54
1496127678, 80, 6, 7, 0, 0, 0.03%, 0, 0, 3, 3689.06
1496127683, 86, 2, 7, 0, 0, 0.03%, 0, 0, 3, 3789.31
1496127688, 91, 4, 7, 0, 0, 0.03%, 0, 0, 3, 3825.79
1496127693, 96, 6, 7, 0, 0, 0.03%, 0, 0, 3, 3844.21
